1
Cl-  1.00
Cl  1.0  0.0  0.0  0.0  0.0  11986.0106  50586074.24  -1.0  35.45
3
H2O  2.00
O  0.0  0.0  0.96  0.0  0.0  595.055  582002.6617  -0.834  15.999
H  0.0  0.008019  0.002834  0.0  0.0  0.0  0.0  0.417  1.008
H  0.0  0.924584  1.207742  0.0  0.0  0.0  0.0  0.417  1.0085
5
NH4+  2.00
N  0.0  0.0  0.999988  0.0  0.0  801.3257  944298.3796  -0.4  14.007
H  0.0  0.0  -0.026772  0.0  0.0  0.0  0.0  0.35  1.008
H  0.968038  0.0  1.342241  0.0  0.0  0.0  0.0  0.35  1.008
H  -0.484019  -0.838346  1.342241  0.0  0.0  0.0  0.0  0.35  1.008
H  -0.484019  0.838346  1.342241  0.0  0.0  0.0  0.0  0.35  1.008
1